2021/09/07-15:56:21.121465 7fe375580c80 RocksDB version: 6.17.3
2021/09/07-15:56:21.121548 7fe375580c80 Git sha rocksdb_build_git_sha:@09c7e96eac1ab983f97ce9e0406730b8014b3398@
2021/09/07-15:56:21.121550 7fe375580c80 Compile date Aug 11 2021
2021/09/07-15:56:21.121622 7fe375580c80 DB SUMMARY
2021/09/07-15:56:21.121625 7fe375580c80 DB Session ID:  GCUTUY126RKVFLIEVXVX
2021/09/07-15:56:21.121728 7fe375580c80 CURRENT file:  CURRENT
2021/09/07-15:56:21.121730 7fe375580c80 IDENTITY file:  IDENTITY
2021/09/07-15:56:21.121743 7fe375580c80 MANIFEST file:  MANIFEST-000498 size: 8653 Bytes
2021/09/07-15:56:21.121744 7fe375580c80 SST files in test-ledger/rocksdb dir, Total Num: 13, files: 000480.sst 000536.sst 000539.sst 000542.sst 000545.sst 000554.sst 000563.sst 000567.sst 000571.sst 
2021/09/07-15:56:21.121746 7fe375580c80 Write Ahead Log file in test-ledger/rocksdb: 000534.log size: 1200 ; 000537.log size: 1248 ; 000540.log size: 3330 ; 000543.log size: 54589 ; 000546.log size: 2272 ; 000549.log size: 2320 ; 000552.log size: 2368 ; 000555.log size: 3642 ; 000558.log size: 1238 ; 000561.log size: 1250 ; 000564.log size: 3822 ; 000568.log size: 2608 ; 000572.log size: 125841 ; 000575.log size: 2520 ; 000578.log size: 716 ; 000581.log size: 764 ; 000584.log size: 1712748 ; 
2021/09/07-15:56:21.121748 7fe375580c80                         Options.error_if_exists: 0
2021/09/07-15:56:21.121749 7fe375580c80                       Options.create_if_missing: 1
2021/09/07-15:56:21.121750 7fe375580c80                         Options.paranoid_checks: 1
2021/09/07-15:56:21.121750 7fe375580c80                               Options.track_and_verify_wals_in_manifest: 0
2021/09/07-15:56:21.121751 7fe375580c80                                     Options.env: 0x56341fab7280
2021/09/07-15:56:21.121752 7fe375580c80                                      Options.fs: Posix File System
2021/09/07-15:56:21.121753 7fe375580c80                                Options.info_log: 0x5634218a28a0
2021/09/07-15:56:21.121754 7fe375580c80                Options.max_file_opening_threads: 16
2021/09/07-15:56:21.121755 7fe375580c80                              Options.statistics: (nil)
2021/09/07-15:56:21.121756 7fe375580c80                               Options.use_fsync: 0
2021/09/07-15:56:21.121757 7fe375580c80                       Options.max_log_file_size: 0
2021/09/07-15:56:21.121757 7fe375580c80                  Options.max_manifest_file_size: 1073741824
2021/09/07-15:56:21.121758 7fe375580c80                   Options.log_file_time_to_roll: 0
2021/09/07-15:56:21.121759 7fe375580c80                       Options.keep_log_file_num: 1000
2021/09/07-15:56:21.121760 7fe375580c80                    Options.recycle_log_file_num: 0
2021/09/07-15:56:21.121761 7fe375580c80                         Options.allow_fallocate: 1
2021/09/07-15:56:21.121761 7fe375580c80                        Options.allow_mmap_reads: 0
2021/09/07-15:56:21.121762 7fe375580c80                       Options.allow_mmap_writes: 0
2021/09/07-15:56:21.121763 7fe375580c80                        Options.use_direct_reads: 0
2021/09/07-15:56:21.121764 7fe375580c80                        Options.use_direct_io_for_flush_and_compaction: 0
2021/09/07-15:56:21.121764 7fe375580c80          Options.create_missing_column_families: 1
2021/09/07-15:56:21.121765 7fe375580c80                              Options.db_log_dir: 
2021/09/07-15:56:21.121766 7fe375580c80                                 Options.wal_dir: test-ledger/rocksdb
2021/09/07-15:56:21.121767 7fe375580c80                Options.table_cache_numshardbits: 6
2021/09/07-15:56:21.121768 7fe375580c80                         Options.WAL_ttl_seconds: 0
2021/09/07-15:56:21.121768 7fe375580c80                       Options.WAL_size_limit_MB: 0
2021/09/07-15:56:21.121769 7fe375580c80                        Options.max_write_batch_group_size_bytes: 1048576
2021/09/07-15:56:21.121770 7fe375580c80             Options.manifest_preallocation_size: 4194304
2021/09/07-15:56:21.121771 7fe375580c80                     Options.is_fd_close_on_exec: 1
2021/09/07-15:56:21.121772 7fe375580c80                   Options.advise_random_on_open: 1
2021/09/07-15:56:21.121782 7fe375580c80                    Options.db_write_buffer_size: 0
2021/09/07-15:56:21.121783 7fe375580c80                    Options.write_buffer_manager: 0x56342195ff50
2021/09/07-15:56:21.121784 7fe375580c80         Options.access_hint_on_compaction_start: 1
2021/09/07-15:56:21.121785 7fe375580c80  Options.new_table_reader_for_compaction_inputs: 0
2021/09/07-15:56:21.121785 7fe375580c80           Options.random_access_max_buffer_size: 1048576
2021/09/07-15:56:21.121786 7fe375580c80                      Options.use_adaptive_mutex: 0
2021/09/07-15:56:21.121787 7fe375580c80                            Options.rate_limiter: (nil)
2021/09/07-15:56:21.121788 7fe375580c80     Options.sst_file_manager.rate_bytes_per_sec: 0
2021/09/07-15:56:21.121789 7fe375580c80                       Options.wal_recovery_mode: 2
2021/09/07-15:56:21.121790 7fe375580c80                  Options.enable_thread_tracking: 0
2021/09/07-15:56:21.121790 7fe375580c80                  Options.enable_pipelined_write: 0
2021/09/07-15:56:21.121791 7fe375580c80                  Options.unordered_write: 0
2021/09/07-15:56:21.121792 7fe375580c80         Options.allow_concurrent_memtable_write: 1
2021/09/07-15:56:21.121793 7fe375580c80      Options.enable_write_thread_adaptive_yield: 1
2021/09/07-15:56:21.121793 7fe375580c80             Options.write_thread_max_yield_usec: 100
2021/09/07-15:56:21.121794 7fe375580c80            Options.write_thread_slow_yield_usec: 3
2021/09/07-15:56:21.121795 7fe375580c80                               Options.row_cache: None
2021/09/07-15:56:21.121796 7fe375580c80                              Options.wal_filter: None
2021/09/07-15:56:21.121797 7fe375580c80             Options.avoid_flush_during_recovery: 0
2021/09/07-15:56:21.121822 7fe375580c80             Options.allow_ingest_behind: 0
2021/09/07-15:56:21.121823 7fe375580c80             Options.preserve_deletes: 0
2021/09/07-15:56:21.121823 7fe375580c80             Options.two_write_queues: 0
2021/09/07-15:56:21.121824 7fe375580c80             Options.manual_wal_flush: 0
2021/09/07-15:56:21.121825 7fe375580c80             Options.atomic_flush: 0
2021/09/07-15:56:21.121826 7fe375580c80             Options.avoid_unnecessary_blocking_io: 0
2021/09/07-15:56:21.121827 7fe375580c80                 Options.persist_stats_to_disk: 0
2021/09/07-15:56:21.121828 7fe375580c80                 Options.write_dbid_to_manifest: 0
2021/09/07-15:56:21.121829 7fe375580c80                 Options.log_readahead_size: 0
2021/09/07-15:56:21.121829 7fe375580c80                 Options.file_checksum_gen_factory: Unknown
2021/09/07-15:56:21.121830 7fe375580c80                 Options.best_efforts_recovery: 0
2021/09/07-15:56:21.121831 7fe375580c80                Options.max_bgerror_resume_count: 2147483647
2021/09/07-15:56:21.121832 7fe375580c80            Options.bgerror_resume_retry_interval: 1000000
2021/09/07-15:56:21.121833 7fe375580c80             Options.allow_data_in_errors: 0
2021/09/07-15:56:21.121834 7fe375580c80             Options.db_host_id: __hostname__
2021/09/07-15:56:21.121835 7fe375580c80             Options.max_background_jobs: 4
2021/09/07-15:56:21.121836 7fe375580c80             Options.max_background_compactions: -1
2021/09/07-15:56:21.121837 7fe375580c80             Options.max_subcompactions: 1
2021/09/07-15:56:21.121838 7fe375580c80             Options.avoid_flush_during_shutdown: 0
2021/09/07-15:56:21.121838 7fe375580c80           Options.writable_file_max_buffer_size: 1048576
2021/09/07-15:56:21.121839 7fe375580c80             Options.delayed_write_rate : 16777216
2021/09/07-15:56:21.121840 7fe375580c80             Options.max_total_wal_size: 4294967296
2021/09/07-15:56:21.121841 7fe375580c80             Options.delete_obsolete_files_period_micros: 21600000000
2021/09/07-15:56:21.121842 7fe375580c80                   Options.stats_dump_period_sec: 600
2021/09/07-15:56:21.121843 7fe375580c80                 Options.stats_persist_period_sec: 600
2021/09/07-15:56:21.121844 7fe375580c80                 Options.stats_history_buffer_size: 1048576
2021/09/07-15:56:21.121844 7fe375580c80                          Options.max_open_files: -1
2021/09/07-15:56:21.121853 7fe375580c80                          Options.bytes_per_sync: 0
2021/09/07-15:56:21.121855 7fe375580c80                      Options.wal_bytes_per_sync: 0
2021/09/07-15:56:21.121855 7fe375580c80                   Options.strict_bytes_per_sync: 0
2021/09/07-15:56:21.121856 7fe375580c80       Options.compaction_readahead_size: 0
2021/09/07-15:56:21.121857 7fe375580c80                  Options.max_background_flushes: -1
2021/09/07-15:56:21.121858 7fe375580c80 Compression algorithms supported:
2021/09/07-15:56:21.121859 7fe375580c80 	kZSTDNotFinalCompression supported: 0
2021/09/07-15:56:21.121863 7fe375580c80 	kZSTD supported: 0
2021/09/07-15:56:21.121864 7fe375580c80 	kXpressCompression supported: 0
2021/09/07-15:56:21.121865 7fe375580c80 	kLZ4HCCompression supported: 1
2021/09/07-15:56:21.121867 7fe375580c80 	kLZ4Compression supported: 1
2021/09/07-15:56:21.121868 7fe375580c80 	kBZip2Compression supported: 0
2021/09/07-15:56:21.121869 7fe375580c80 	kZlibCompression supported: 0
2021/09/07-15:56:21.121870 7fe375580c80 	kSnappyCompression supported: 0
2021/09/07-15:56:21.121875 7fe375580c80 Fast CRC32 supported: Supported on x86
2021/09/07-15:56:21.122338 7fe375580c80 [db/version_set.cc:4757] Recovering from manifest file: test-ledger/rocksdb/MANIFEST-000498
2021/09/07-15:56:21.124332 7fe375580c80 [db/column_family.cc:597] --------------- Options for column family [default]:
2021/09/07-15:56:21.124428 7fe375580c80               Options.comparator: leveldb.BytewiseComparator
2021/09/07-15:56:21.124451 7fe375580c80           Options.merge_operator: None
2021/09/07-15:56:21.124452 7fe375580c80        Options.compaction_filter: None
2021/09/07-15:56:21.124453 7fe375580c80        Options.compaction_filter_factory: None
2021/09/07-15:56:21.124454 7fe375580c80  Options.sst_partitioner_factory: None
2021/09/07-15:56:21.124457 7fe375580c80         Options.memtable_factory: SkipListFactory
2021/09/07-15:56:21.124459 7fe375580c80            Options.table_factory: BlockBasedTable
2021/09/07-15:56:21.124526 7fe375580c80            table_factory options:   flush_block_policy_factory: FlushBlockBySizePolicyFactory (0x563421958af0)
  cache_index_and_filter_blocks: 0
  cache_index_and_filter_blocks_with_high_priority: 1
  pin_l0_filter_and_index_blocks_in_cache: 0
  pin_top_level_index_and_filter: 1
  index_type: 0
  data_block_index_type: 0
  index_shortening: 1
  data_block_hash_table_util_ratio: 0.750000
  hash_index_allow_collision: 1
  checksum: 1
  no_block_cache: 0
  block_cache: 0x563421958b40
  block_cache_name: LRUCache
  block_cache_options:
    capacity : 8388608
    num_shard_bits : 4
    strict_capacity_limit : 0
    memory_allocator : None
    high_pri_pool_ratio: 0.000
  block_cache_compressed: (nil)
  persistent_cache: (nil)
  block_size: 4096
  block_size_deviation: 10
  block_restart_interval: 16
  index_block_restart_interval: 1
  metadata_block_size: 4096
  partition_filters: 0
  use_delta_encoding: 1
  filter_policy: nullptr
  whole_key_filtering: 1
  verify_compression: 0
  read_amp_bytes_per_bit: 0
  format_version: 4
  enable_index_compression: 1
  block_align: 0
2021/09/07-15:56:21.124537 7fe375580c80        Options.write_buffer_size: 67108864
2021/09/07-15:56:21.124538 7fe375580c80  Options.max_write_buffer_number: 2
2021/09/07-15:56:21.124541 7fe375580c80          Options.compression: NoCompression
2021/09/07-15:56:21.124542 7fe375580c80                  Options.bottommost_compression: Disabled
2021/09/07-15:56:21.124544 7fe375580c80       Options.prefix_extractor: nullptr
2021/09/07-15:56:21.124545 7fe375580c80   Options.memtable_insert_with_hint_prefix_extractor: nullptr
2021/09/07-15:56:21.124546 7fe375580c80             Options.num_levels: 7
2021/09/07-15:56:21.124546 7fe375580c80        Options.min_write_buffer_number_to_merge: 1
2021/09/07-15:56:21.124547 7fe375580c80     Options.max_write_buffer_number_to_maintain: 0
2021/09/07-15:56:21.124548 7fe375580c80     Options.max_write_buffer_size_to_maintain: 0
2021/09/07-15:56:21.124670 7fe375580c80            Options.bottommost_compression_opts.window_bits: -14
2021/09/07-15:56:21.124676 7fe375580c80                  Options.bottommost_compression_opts.level: 32767
2021/09/07-15:56:21.124677 7fe375580c80               Options.bottommost_compression_opts.strategy: 0
2021/09/07-15:56:21.124678 7fe375580c80         Options.bottommost_compression_opts.max_dict_bytes: 0
2021/09/07-15:56:21.124679 7fe375580c80         Options.bottommost_compression_opts.zstd_max_train_bytes: 0
2021/09/07-15:56:21.124680 7fe375580c80         Options.bottommost_compression_opts.parallel_threads: 1
2021/09/07-15:56:21.124681 7fe375580c80                  Options.bottommost_compression_opts.enabled: false
2021/09/07-15:56:21.124682 7fe375580c80            Options.compression_opts.window_bits: -14
2021/09/07-15:56:21.124682 7fe375580c80                  Options.compression_opts.level: 32767
2021/09/07-15:56:21.124683 7fe375580c80               Options.compression_opts.strategy: 0
2021/09/07-15:56:21.124684 7fe375580c80         Options.compression_opts.max_dict_bytes: 0
2021/09/07-15:56:21.124685 7fe375580c80         Options.compression_opts.zstd_max_train_bytes: 0
2021/09/07-15:56:21.124685 7fe375580c80         Options.compression_opts.parallel_threads: 1
2021/09/07-15:56:21.124686 7fe375580c80                  Options.compression_opts.enabled: false
2021/09/07-15:56:21.124687 7fe375580c80      Options.level0_file_num_compaction_trigger: 4
2021/09/07-15:56:21.124688 7fe375580c80          Options.level0_slowdown_writes_trigger: 20
2021/09/07-15:56:21.124689 7fe375580c80              Options.level0_stop_writes_trigger: 36
2021/09/07-15:56:21.124689 7fe375580c80                   Options.target_file_size_base: 67108864
2021/09/07-15:56:21.124690 7fe375580c80             Options.target_file_size_multiplier: 1
2021/09/07-15:56:21.124691 7fe375580c80                Options.max_bytes_for_level_base: 268435456
2021/09/07-15:56:21.124692 7fe375580c80 Options.level_compaction_dynamic_level_bytes: 0
2021/09/07-15:56:21.124693 7fe375580c80          Options.max_bytes_for_level_multiplier: 10.000000
2021/09/07-15:56:21.124696 7fe375580c80 Options.max_bytes_for_level_multiplier_addtl[0]: 1
2021/09/07-15:56:21.124697 7fe375580c80 Options.max_bytes_for_level_multiplier_addtl[1]: 1
2021/09/07-15:56:21.124698 7fe375580c80 Options.max_bytes_for_level_multiplier_addtl[2]: 1
2021/09/07-15:56:21.124699 7fe375580c80 Options.max_bytes_for_level_multiplier_addtl[3]: 1
2021/09/07-15:56:21.124700 7fe375580c80 Options.max_bytes_for_level_multiplier_addtl[4]: 1
2021/09/07-15:56:21.124700 7fe375580c80 Options.max_bytes_for_level_multiplier_addtl[5]: 1
2021/09/07-15:56:21.124701 7fe375580c80 Options.max_bytes_for_level_multiplier_addtl[6]: 1
2021/09/07-15:56:21.124702 7fe375580c80       Options.max_sequential_skip_in_iterations: 8
2021/09/07-15:56:21.124703 7fe375580c80                    Options.max_compaction_bytes: 1677721600
2021/09/07-15:56:21.124704 7fe375580c80                        Options.arena_block_size: 8388608
2021/09/07-15:56:21.124704 7fe375580c80   Options.soft_pending_compaction_bytes_limit: 68719476736
2021/09/07-15:56:21.124705 7fe375580c80   Options.hard_pending_compaction_bytes_limit: 274877906944
2021/09/07-15:56:21.124706 7fe375580c80       Options.rate_limit_delay_max_milliseconds: 100
2021/09/07-15:56:21.124707 7fe375580c80                Options.disable_auto_compactions: 0
2021/09/07-15:56:21.124709 7fe375580c80                        Options.compaction_style: kCompactionStyleLevel
2021/09/07-15:56:21.124711 7fe375580c80                          Options.compaction_pri: kMinOverlappingRatio
2021/09/07-15:56:21.124711 7fe375580c80 Options.compaction_options_universal.size_ratio: 1
2021/09/07-15:56:21.124712 7fe375580c80 Options.compaction_options_universal.min_merge_width: 2
2021/09/07-15:56:21.124713 7fe375580c80 Options.compaction_options_universal.max_merge_width: 4294967295
2021/09/07-15:56:21.124714 7fe375580c80 Options.compaction_options_universal.max_size_amplification_percent: 200
2021/09/07-15:56:21.124714 7fe375580c80 Options.compaction_options_universal.compression_size_percent: -1
2021/09/07-15:56:21.124721 7fe375580c80 Options.compaction_options_universal.stop_style: kCompactionStopStyleTotalSize
2021/09/07-15:56:21.124722 7fe375580c80 Options.compaction_options_fifo.max_table_files_size: 1073741824
2021/09/07-15:56:21.124723 7fe375580c80 Options.compaction_options_fifo.allow_compaction: 0
2021/09/07-15:56:21.124731 7fe375580c80                   Options.table_properties_collectors: 
2021/09/07-15:56:21.124732 7fe375580c80                   Options.inplace_update_support: 0
2021/09/07-15:56:21.124733 7fe375580c80                 Options.inplace_update_num_locks: 10000
2021/09/07-15:56:21.124733 7fe375580c80               Options.memtable_prefix_bloom_size_ratio: 0.000000
2021/09/07-15:56:21.124735 7fe375580c80               Options.memtable_whole_key_filtering: 0
2021/09/07-15:56:21.124735 7fe375580c80   Options.memtable_huge_page_size: 0
2021/09/07-15:56:21.124736 7fe375580c80                           Options.bloom_locality: 0
2021/09/07-15:56:21.124737 7fe375580c80                    Options.max_successive_merges: 0
2021/09/07-15:56:21.124738 7fe375580c80                Options.optimize_filters_for_hits: 0
2021/09/07-15:56:21.124738 7fe375580c80                Options.paranoid_file_checks: 0
2021/09/07-15:56:21.124739 7fe375580c80                Options.force_consistency_checks: 1
2021/09/07-15:56:21.124740 7fe375580c80                Options.report_bg_io_stats: 0
2021/09/07-15:56:21.124741 7fe375580c80                               Options.ttl: 2592000
2021/09/07-15:56:21.124741 7fe375580c80          Options.periodic_compaction_seconds: 0
2021/09/07-15:56:21.124742 7fe375580c80                    Options.enable_blob_files: false
2021/09/07-15:56:21.124743 7fe375580c80                        Options.min_blob_size: 0
2021/09/07-15:56:21.124744 7fe375580c80                       Options.blob_file_size: 268435456
2021/09/07-15:56:21.124745 7fe375580c80                Options.blob_compression_type: NoCompression
2021/09/07-15:56:21.124746 7fe375580c80       Options.enable_blob_garbage_collection: false
2021/09/07-15:56:21.124746 7fe375580c80   Options.blob_garbage_collection_age_cutoff: 0.250000
2021/09/07-15:56:21.125517 7fe375580c80 [db/column_family.cc:597] --------------- Options for column family [meta]:
2021/09/07-15:56:21.125529 7fe375580c80               Options.comparator: leveldb.BytewiseComparator
2021/09/07-15:56:21.125530 7fe375580c80           Options.merge_operator: None
2021/09/07-15:56:21.125531 7fe375580c80        Options.compaction_filter: None
2021/09/07-15:56:21.125533 7fe375580c80        Options.compaction_filter_factory: purged_slot_filter_factory(meta)
2021/09/07-15:56:21.125534 7fe375580c80  Options.sst_partitioner_factory: None
2021/09/07-15:56:21.125535 7fe375580c80         Options.memtable_factory: SkipListFactory
2021/09/07-15:56:21.125536 7fe375580c80            Options.table_factory: BlockBasedTable
2021/09/07-15:56:21.125559 7fe375580c80            table_factory options:   flush_block_policy_factory: FlushBlockBySizePolicyFactory (0x5634219306a0)
  cache_index_and_filter_blocks: 0
  cache_index_and_filter_blocks_with_high_priority: 1
  pin_l0_filter_and_index_blocks_in_cache: 0
  pin_top_level_index_and_filter: 1
  index_type: 0
  data_block_index_type: 0
  index_shortening: 1
  data_block_hash_table_util_ratio: 0.750000
  hash_index_allow_collision: 1
  checksum: 1
  no_block_cache: 0
  block_cache: 0x5634219306f0
  block_cache_name: LRUCache
  block_cache_options:
    capacity : 8388608
    num_shard_bits : 4
    strict_capacity_limit : 0
    memory_allocator : None
    high_pri_pool_ratio: 0.000
  block_cache_compressed: (nil)
  persistent_cache: (nil)
  block_size: 4096
  block_size_deviation: 10
  block_restart_interval: 16
  index_block_restart_interval: 1
  metadata_block_size: 4096
  partition_filters: 0
  use_delta_encoding: 1
  filter_policy: nullptr
  whole_key_filtering: 1
  verify_compression: 0
  read_amp_bytes_per_bit: 0
  format_version: 4
  enable_index_compression: 1
  block_align: 0
2021/09/07-15:56:21.125574 7fe375580c80        Options.write_buffer_size: 268435456
2021/09/07-15:56:21.125575 7fe375580c80  Options.max_write_buffer_number: 8
2021/09/07-15:56:21.125576 7fe375580c80          Options.compression: NoCompression
2021/09/07-15:56:21.125577 7fe375580c80                  Options.bottommost_compression: Disabled
2021/09/07-15:56:21.125578 7fe375580c80       Options.prefix_extractor: nullptr
2021/09/07-15:56:21.125579 7fe375580c80   Options.memtable_insert_with_hint_prefix_extractor: nullptr
2021/09/07-15:56:21.125580 7fe375580c80             Options.num_levels: 7
2021/09/07-15:56:21.125580 7fe375580c80        Options.min_write_buffer_number_to_merge: 1
2021/09/07-15:56:21.125581 7fe375580c80     Options.max_write_buffer_number_to_maintain: 0
2021/09/07-15:56:21.125582 7fe375580c80     Options.max_write_buffer_size_to_maintain: 0
2021/09/07-15:56:21.125583 7fe375580c80            Options.bottommost_compression_opts.window_bits: -14
2021/09/07-15:56:21.125584 7fe375580c80                  Options.bottommost_compression_opts.level: 32767
2021/09/07-15:56:21.125584 7fe375580c80               Options.bottommost_compression_opts.strategy: 0
2021/09/07-15:56:21.125585 7fe375580c80         Options.bottommost_compression_opts.max_dict_bytes: 0
2021/09/07-15:56:21.125586 7fe375580c80         Options.bottommost_compression_opts.zstd_max_train_bytes: 0
2021/09/07-15:56:21.125587 7fe375580c80         Options.bottommost_compression_opts.parallel_threads: 1
2021/09/07-15:56:21.125588 7fe375580c80                  Options.bottommost_compression_opts.enabled: false
2021/09/07-15:56:21.125588 7fe375580c80            Options.compression_opts.window_bits: -14
2021/09/07-15:56:21.125589 7fe375580c80                  Options.compression_opts.level: 32767
2021/09/07-15:56:21.125590 7fe375580c80               Options.compression_opts.strategy: 0
2021/09/07-15:56:21.125591 7fe375580c80         Options.compression_opts.max_dict_bytes: 0
2021/09/07-15:56:21.125592 7fe375580c80         Options.compression_opts.zstd_max_train_bytes: 0
2021/09/07-15:56:21.125592 7fe375580c80         Options.compression_opts.parallel_threads: 1
2021/09/07-15:56:21.125593 7fe375580c80                  Options.compression_opts.enabled: false
2021/09/07-15:56:21.125594 7fe375580c80      Options.level0_file_num_compaction_trigger: 4
2021/09/07-15:56:21.125595 7fe375580c80          Options.level0_slowdown_writes_trigger: 20
2021/09/07-15:56:21.125595 7fe375580c80              Options.level0_stop_writes_trigger: 36
2021/09/07-15:56:21.125597 7fe375580c80                   Options.target_file_size_base: 107374182
2021/09/07-15:56:21.125598 7fe375580c80             Options.target_file_size_multiplier: 1
2021/09/07-15:56:21.125598 7fe375580c80                Options.max_bytes_for_level_base: 1073741824
2021/09/07-15:56:21.125599 7fe375580c80 Options.level_compaction_dynamic_level_bytes: 0
2021/09/07-15:56:21.125600 7fe375580c80          Options.max_bytes_for_level_multiplier: 10.000000
2021/09/07-15:56:21.125603 7fe375580c80 Options.max_bytes_for_level_multiplier_addtl[0]: 1
2021/09/07-15:56:21.125604 7fe375580c80 Options.max_bytes_for_level_multiplier_addtl[1]: 1
2021/09/07-15:56:21.125604 7fe375580c80 Options.max_bytes_for_level_multiplier_addtl[2]: 1
2021/09/07-15:56:21.125605 7fe375580c80 Options.max_bytes_for_level_multiplier_addtl[3]: 1
2021/09/07-15:56:21.125606 7fe375580c80 Options.max_bytes_for_level_multiplier_addtl[4]: 1
2021/09/07-15:56:21.125607 7fe375580c80 Options.max_bytes_for_level_multiplier_addtl[5]: 1
2021/09/07-15:56:21.125608 7fe375580c80 Options.max_bytes_for_level_multiplier_addtl[6]: 1
2021/09/07-15:56:21.125608 7fe375580c80       Options.max_sequential_skip_in_iterations: 8
2021/09/07-15:56:21.125609 7fe375580c80                    Options.max_compaction_bytes: 2684354550
2021/09/07-15:56:21.125610 7fe375580c80                        Options.arena_block_size: 33554432
2021/09/07-15:56:21.125611 7fe375580c80   Options.soft_pending_compaction_bytes_limit: 68719476736
2021/09/07-15:56:21.125612 7fe375580c80   Options.hard_pending_compaction_bytes_limit: 274877906944
2021/09/07-15:56:21.125617 7fe375580c80       Options.rate_limit_delay_max_milliseconds: 100
2021/09/07-15:56:21.125618 7fe375580c80                Options.disable_auto_compactions: 0
2021/09/07-15:56:21.125620 7fe375580c80                        Options.compaction_style: kCompactionStyleLevel
2021/09/07-15:56:21.125621 7fe375580c80                          Options.compaction_pri: kMinOverlappingRatio
2021/09/07-15:56:21.125622 7fe375580c80 Options.compaction_options_universal.size_ratio: 1
2021/09/07-15:56:21.125622 7fe375580c80 Options.compaction_options_universal.min_merge_width: 2
2021/09/07-15:56:21.125623 7fe375580c80 Options.compaction_options_universal.max_merge_width: 4294967295
2021/09/07-15:56:21.125624 7fe375580c80 Options.compaction_options_universal.max_size_amplification_percent: 200
2021/09/07-15:56:21.125625 7fe375580c80 Options.compaction_options_universal.compression_size_percent: -1
2021/09/07-15:56:21.125626 7fe375580c80 Options.compaction_options_universal.stop_style: kCompactionStopStyleTotalSize
2021/09/07-15:56:21.125627 7fe375580c80 Options.compaction_options_fifo.max_table_files_size: 1073741824
2021/09/07-15:56:21.125627 7fe375580c80 Options.compaction_options_fifo.allow_compaction: 0
2021/09/07-15:56:21.125650 7fe375580c80                   Options.table_properties_collectors: 
2021/09/07-15:56:21.125653 7fe375580c80                   Options.inplace_update_support: 0
2021/09/07-15:56:21.125654 7fe375580c80                 Options.inplace_update_num_locks: 10000
2021/09/07-15:56:21.125654 7fe375580c80               Options.memtable_prefix_bloom_size_ratio: 0.000000
2021/09/07-15:56:21.125656 7fe375580c80               Options.memtable_whole_key_filtering: 0
2021/09/07-15:56:21.125657 7fe375580c80   Options.memtable_huge_page_size: 0
2021/09/07-15:56:21.125658 7fe375580c80                           Options.bloom_locality: 0
2021/09/07-15:56:21.125658 7fe375580c80                    Options.max_successive_merges: 0
2021/09/07-15:56:21.125659 7fe375580c80                Options.optimize_filters_for_hits: 0
2021/09/07-15:56:21.125660 7fe375580c80                Options.paranoid_file_checks: 0
2021/09/07-15:56:21.125661 7fe375580c80                Options.force_consistency_checks: 1
2021/09/07-15:56:21.125662 7fe375580c80                Options.report_bg_io_stats: 0
2021/09/07-15:56:21.125663 7fe375580c80                               Options.ttl: 2592000
2021/09/07-15:56:21.125664 7fe375580c80          Options.periodic_compaction_seconds: 2592000
2021/09/07-15:56:21.125664 7fe375580c80                    Options.enable_blob_files: false
2021/09/07-15:56:21.125665 7fe375580c80                        Options.min_blob_size: 0
2021/09/07-15:56:21.125666 7fe375580c80                       Options.blob_file_size: 268435456
2021/09/07-15:56:21.125667 7fe375580c80                Options.blob_compression_type: NoCompression
2021/09/07-15:56:21.125668 7fe375580c80       Options.enable_blob_garbage_collection: false
2021/09/07-15:56:21.125669 7fe375580c80   Options.blob_garbage_collection_age_cutoff: 0.250000
2021/09/07-15:56:21.125705 7fe375580c80 [db/column_family.cc:597] --------------- Options for column family [dead_slots]:
2021/09/07-15:56:21.125707 7fe375580c80               Options.comparator: leveldb.BytewiseComparator
2021/09/07-15:56:21.125708 7fe375580c80           Options.merge_operator: None
2021/09/07-15:56:21.125709 7fe375580c80        Options.compaction_filter: None
2021/09/07-15:56:21.125710 7fe375580c80        Options.compaction_filter_factory: purged_slot_filter_factory(dead_slots)
2021/09/07-15:56:21.125711 7fe375580c80  Options.sst_partitioner_factory: None
2021/09/07-15:56:21.125712 7fe375580c80         Options.memtable_factory: SkipListFactory
2021/09/07-15:56:21.125712 7fe375580c80            Options.table_factory: BlockBasedTable
2021/09/07-15:56:21.125726 7fe375580c80            table_factory options:   flush_block_policy_factory: FlushBlockBySizePolicyFactory (0x563421932900)
  cache_index_and_filter_blocks: 0
  cache_index_and_filter_blocks_with_high_priority: 1
  pin_l0_filter_and_index_blocks_in_cache: 0
  pin_top_level_index_and_filter: 1
  index_type: 0
  data_block_index_type: 0
  index_shortening: 1
  data_block_hash_table_util_ratio: 0.750000
  hash_index_allow_collision: 1
  checksum: 1
  no_block_cache: 0
  block_cache: 0x563421932950
  block_cache_name: LRUCache
  block_cache_options:
    capacity : 8388608
    num_shard_bits : 4
    strict_capacity_limit : 0
    memory_allocator : None
    high_pri_pool_ratio: 0.000
  block_cache_compressed: (nil)
  persistent_cache: (nil)
  block_size: 4096
  block_size_deviation: 10
  block_restart_interval: 16
  index_block_restart_interval: 1
  metadata_block_size: 4096
  partition_filters: 0
  use_delta_encoding: 1
  filter_policy: nullptr
  whole_key_filtering: 1
  verify_compression: 0
  read_amp_bytes_per_bit: 0
  format_version: 4
  enable_index_compression: 1
  block_align: 0
2021/09/07-15:56:21.125735 7fe375580c80        Options.write_buffer_size: 268435456
2021/09/07-15:56:21.125736 7fe375580c80  Options.max_write_buffer_number: 8
2021/09/07-15:56:21.125737 7fe375580c80          Options.compression: NoCompression
2021/09/07-15:56:21.125738 7fe375580c80                  Options.bottommost_compression: Disabled
2021/09/07-15:56:21.125738 7fe375580c80       Options.prefix_extractor: nullptr
2021/09/07-15:56:21.125739 7fe375580c80   Options.memtable_insert_with_hint_prefix_extractor: nullptr
2021/09/07-15:56:21.125740 7fe375580c80             Options.num_levels: 7
2021/09/07-15:56:21.125741 7fe375580c80        Options.min_write_buffer_number_to_merge: 1
2021/09/07-15:56:21.125742 7fe375580c80     Options.max_write_buffer_number_to_maintain: 0
2021/09/07-15:56:21.125742 7fe375580c80     Options.max_write_buffer_size_to_maintain: 0
2021/09/07-15:56:21.125743 7fe375580c80            Options.bottommost_compression_opts.window_bits: -14
2021/09/07-15:56:21.125744 7fe375580c80                  Options.bottommost_compression_opts.level: 32767
2021/09/07-15:56:21.125745 7fe375580c80               Options.bottommost_compression_opts.strategy: 0
2021/09/07-15:56:21.125745 7fe375580c80         Options.bottommost_compression_opts.max_dict_bytes: 0
2021/09/07-15:56:21.125746 7fe375580c80         Options.bottommost_compression_opts.zstd_max_train_bytes: 0
2021/09/07-15:56:21.125747 7fe375580c80         Options.bottommost_compression_opts.parallel_threads: 1
2021/09/07-15:56:21.125748 7fe375580c80                  Options.bottommost_compression_opts.enabled: false
2021/09/07-15:56:21.125749 7fe375580c80            Options.compression_opts.window_bits: -14
2021/09/07-15:56:21.125749 7fe375580c80                  Options.compression_opts.level: 32767
2021/09/07-15:56:21.125750 7fe375580c80               Options.compression_opts.strategy: 0
2021/09/07-15:56:21.125751 7fe375580c80         Options.compression_opts.max_dict_bytes: 0
2021/09/07-15:56:21.125752 7fe375580c80         Options.compression_opts.zstd_max_train_bytes: 0
2021/09/07-15:56:21.125752 7fe375580c80         Options.compression_opts.parallel_threads: 1
2021/09/07-15:56:21.125753 7fe375580c80                  Options.compression_opts.enabled: false
2021/09/07-15:56:21.125754 7fe375580c80      Options.level0_file_num_compaction_trigger: 4
2021/09/07-15:56:21.125755 7fe375580c80          Options.level0_slowdown_writes_trigger: 20
2021/09/07-15:56:21.125756 7fe375580c80              Options.level0_stop_writes_trigger: 36
2021/09/07-15:56:21.125756 7fe375580c80                   Options.target_file_size_base: 107374182
2021/09/07-15:56:21.125757 7fe375580c80             Options.target_file_size_multiplier: 1
2021/09/07-15:56:21.125758 7fe375580c80                Options.max_bytes_for_level_base: 1073741824
2021/09/07-15:56:21.125759 7fe375580c80 Options.level_compaction_dynamic_level_bytes: 0
2021/09/07-15:56:21.125759 7fe375580c80          Options.max_bytes_for_level_multiplier: 10.000000
2021/09/07-15:56:21.125761 7fe375580c80 Options.max_bytes_for_level_multiplier_addtl[0]: 1
2021/09/07-15:56:21.125762 7fe375580c80 Options.max_bytes_for_level_multiplier_addtl[1]: 1
2021/09/07-15:56:21.125766 7fe375580c80 Options.max_bytes_for_level_multiplier_addtl[2]: 1
2021/09/07-15:56:21.125767 7fe375580c80 Options.max_bytes_for_level_multiplier_addtl[3]: 1
2021/09/07-15:56:21.125768 7fe375580c80 Options.max_bytes_for_level_multiplier_addtl[4]: 1
2021/09/07-15:56:21.125769 7fe375580c80 Options.max_bytes_for_level_multiplier_addtl[5]: 1
2021/09/07-15:56:21.125770 7fe375580c80 Options.max_bytes_for_level_multiplier_addtl[6]: 1
2021/09/07-15:56:21.125770 7fe375580c80       Options.max_sequential_skip_in_iterations: 8
2021/09/07-15:56:21.125771 7fe375580c80                    Options.max_compaction_bytes: 2684354550
2021/09/07-15:56:21.125772 7fe375580c80                        Options.arena_block_size: 33554432
2021/09/07-15:56:21.125773 7fe375580c80   Options.soft_pending_compaction_bytes_limit: 68719476736
2021/09/07-15:56:21.125774 7fe375580c80   Options.hard_pending_compaction_bytes_limit: 274877906944
2021/09/07-15:56:21.125774 7fe375580c80       Options.rate_limit_delay_max_milliseconds: 100
2021/09/07-15:56:21.125775 7fe375580c80                Options.disable_auto_compactions: 0
2021/09/07-15:56:21.125776 7fe375580c80                        Options.compaction_style: kCompactionStyleLevel
2021/09/07-15:56:21.125777 7fe375580c80                          Options.compaction_pri: kMinOverlappingRatio
2021/09/07-15:56:21.125778 7fe375580c80 Options.compaction_options_universal.size_ratio: 1
2021/09/07-15:56:21.125779 7fe375580c80 Options.compaction_options_universal.min_merge_width: 2
2021/09/07-15:56:21.125780 7fe375580c80 Options.compaction_options_universal.max_merge_width: 4294967295
2021/09/07-15:56:21.125780 7fe375580c80 Options.compaction_options_universal.max_size_amplification_percent: 200
2021/09/07-15:56:21.125781 7fe375580c80 Options.compaction_options_universal.compression_size_percent: -1
2021/09/07-15:56:21.125782 7fe375580c80 Options.compaction_options_universal.stop_style: kCompactionStopStyleTotalSize
2021/09/07-15:56:21.125783 7fe375580c80 Options.compaction_options_fifo.max_table_files_size: 1073741824
2021/09/07-15:56:21.125784 7fe375580c80 Options.compaction_options_fifo.allow_compaction: 0
2021/09/07-15:56:21.125785 7fe375580c80                   Options.table_properties_collectors: 
2021/09/07-15:56:21.125786 7fe375580c80                   Options.inplace_update_support: 0
2021/09/07-15:56:21.125787 7fe375580c80                 Options.inplace_update_num_locks: 10000
2021/09/07-15:56:21.125788 7fe375580c80               Options.memtable_prefix_bloom_size_ratio: 0.000000
2021/09/07-15:56:21.125789 7fe375580c80               Options.memtable_whole_key_filtering: 0
2021/09/07-15:56:21.125789 7fe375580c80   Options.memtable_huge_page_size: 0
2021/09/07-15:56:21.125790 7fe375580c80                           Options.bloom_locality: 0
2021/09/07-15:56:21.125791 7fe375580c80                    Options.max_successive_merges: 0
2021/09/07-15:56:21.125792 7fe375580c80                Options.optimize_filters_for_hits: 0
2021/09/07-15:56:21.125793 7fe375580c80                Options.paranoid_file_checks: 0
2021/09/07-15:56:21.125793 7fe375580c80                Options.force_consistency_checks: 1
2021/09/07-15:56:21.125794 7fe375580c80                Options.report_bg_io_stats: 0
2021/09/07-15:56:21.125795 7fe375580c80                               Options.ttl: 2592000
2021/09/07-15:56:21.125796 7fe375580c80          Options.periodic_compaction_seconds: 2592000
2021/09/07-15:56:21.125796 7fe375580c80                    Options.enable_blob_files: false
2021/09/07-15:56:21.125797 7fe375580c80                        Options.min_blob_size: 0
2021/09/07-15:56:21.125798 7fe375580c80                       Options.blob_file_size: 268435456
2021/09/07-15:56:21.125799 7fe375580c80                Options.blob_compression_type: NoCompression
2021/09/07-15:56:21.125800 7fe375580c80       Options.enable_blob_garbage_collection: false
2021/09/07-15:56:21.125800 7fe375580c80   Options.blob_garbage_collection_age_cutoff: 0.250000
2021/09/07-15:56:21.125826 7fe375580c80 [db/column_family.cc:597] --------------- Options for column family [duplicate_slots]:
2021/09/07-15:56:21.125832 7fe375580c80               Options.comparator: leveldb.BytewiseComparator
2021/09/07-15:56:21.125833 7fe375580c80           Options.merge_operator: None
2021/09/07-15:56:21.125834 7fe375580c80        Options.compaction_filter: None
2021/09/07-15:56:21.125835 7fe375580c80        Options.compaction_filter_factory: purged_slot_filter_factory(duplicate_slots)
2021/09/07-15:56:21.125836 7fe375580c80  Options.sst_partitioner_factory: None
2021/09/07-15:56:21.125836 7fe375580c80         Options.memtable_factory: SkipListFactory
2021/09/07-15:56:21.125837 7fe375580c80            Options.table_factory: BlockBasedTable
2021/09/07-15:56:21.125849 7fe375580c80            table_factory options:   flush_block_policy_factory: FlushBlockBySizePolicyFactory (0x563421934b60)
  cache_index_and_filter_blocks: 0
  cache_index_and_filter_blocks_with_high_priority: 1
  pin_l0_filter_and_index_blocks_in_cache: 0
  pin_top_level_index_and_filter: 1
  index_type: 0
  data_block_index_type: 0
  index_shortening: 1
  data_block_hash_table_util_ratio: 0.750000
  hash_index_allow_collision: 1
  checksum: 1
  no_block_cache: 0
  block_cache: 0x563421934bb0
  block_cache_name: LRUCache
  block_cache_options:
    capacity : 8388608
    num_shard_bits : 4
    strict_capacity_limit : 0
    memory_allocator : None
    high_pri_pool_ratio: 0.000
  block_cache_compressed: (nil)
  persistent_cache: (nil)
  block_size: 4096
  block_size_deviation: 10
  block_restart_interval: 16
  index_block_restart_interval: 1
  metadata_block_size: 4096
  partition_filters: 0
  use_delta_encoding: 1
  filter_policy: nullptr
  whole_key_filtering: 1
  verify_compression: 0
  read_amp_bytes_per_bit: 0
  format_version: 4
  enable_index_compression: 1
  block_align: 0
2021/09/07-15:56:21.125850 7fe375580c80        Options.write_buffer_size: 268435456
2021/09/07-15:56:21.125851 7fe375580c80  Options.max_write_buffer_number: 8
2021/09/07-15:56:21.125851 7fe375580c80          Options.compression: NoCompression
2021/09/07-15:56:21.125852 7fe375580c80                  Options.bottommost_compression: Disabled
2021/09/07-15:56:21.125853 7fe375580c80       Options.prefix_extractor: nullptr
2021/09/07-15:56:21.125854 7fe375580c80   Options.memtable_insert_with_hint_prefix_extractor: nullptr
2021/09/07-15:56:21.125855 7fe375580c80             Options.num_levels: 7
2021/09/07-15:56:21.125855 7fe375580c80        Options.min_write_buffer_number_to_merge: 1
2021/09/07-15:56:21.125856 7fe375580c80     Options.max_write_buffer_number_to_maintain: 0
2021/09/07-15:56:21.125857 7fe375580c80     Options.max_write_buffer_size_to_maintain: 0
2021/09/07-15:56:21.125858 7fe375580c80            Options.bottommost_compression_opts.window_bits: -14
2021/09/07-15:56:21.125858 7fe375580c80                  Options.bottommost_compression_opts.level: 32767
2021/09/07-15:56:21.125859 7fe375580c80               Options.bottommost_compression_opts.strategy: 0
